input/tv_dem250.txt
ncols         200
nrows         140
xllcorner     -9999.9999984932
yllcorner     19999.999993291
cellsize      250
NODATA_value  -9999
[rows 82 to 122 of 140, columns 93 to 185 of 200]
93 85 100 136 180 236 297 393 449 512 525 637 676 700 707 703 700 685 671 665 646 627 619 616 632 652 662 699 737 742 721 741 778 832 904 980 1025 1102 1227 1331 1273 1183 1067 968 904 866 869 847 842 887 908 924 957 964 917 798 664 586 432 303 217 91 1 3 2 3 6 7 9 8 7 7 6 7 9 6 8 6 7 8 6 6 7 9 7 8 9 8 7 6 8 4 4
81 117 154 185 223 261 319 413 472 495 574 669 699 717 720 716 700 689 680 670 643 637 636 637 657 687 717 753 797 808 791 813 871 920 999 1040 1058 1144 1274 1226 1143 1105 1044 940 914 908 891 881 887 919 947 958 998 901 767 688 555 431 311 196 73 6 9 7 6 4 6 4 12 13 8 5 5 8 9 7 10 8 11 7 7 8 4 5 5 6 7 6 8 3 8 3 4
118 148 184 215 252 279 339 410 466 518 648 717 720 728 726 718 715 696 688 677 680 667 664 685 724 763 794 841 885 895 888 927 989 1037 1066 1071 1063 1100 1198 1101 1036 1042 1009 959 941 931 906 873 939 962 980 990 925 787 648 526 452 308 187 54 6 3 5 0 7 5 6 6 6 5 5 4 10 13 10 10 4 14 3 10 9 7 7 6 8 10 8 8 8 6 4 4 3
139 183 220 245 267 295 349 405 480 565 677 753 747 735 723 729 726 713 726 743 744 745 768 783 818 842 899 952 989 980 1002 1033 1118 1164 1147 1087 1052 1064 1127 1048 986 1021 1001 981 978 951 930 929 972 998 1030 951 851 684 555 427 301 194 55 2 6 3 3 5 7 4 7 7 10 9 9 8 9 15 8 9 11 12 9 8 9 9 7 11 6 8 7 8 9 7 4 4 3
201 223 262 274 284 312 360 409 492 602 733 748 747 735 731 740 735 752 802 835 857 875 894 907 938 965 994 1042 1070 1067 1067 1121 1214 1274 1214 1090 1032 1026 1035 986 946 1019 1028 1037 1007 960 961 982 1001 1029 904 789 706 628 468 316 181 57 2 3 6 4 4 6 5 6 7 7 10 9 9 8 9 11 7 10 9 10 11 7 9 4 8 9 11 9 7 11 8 5 6 7 2
295 273 288 299 315 340 381 423 525 668 727 739 760 755 739 740 757 804 862 913 974 990 1000 1019 1069 1100 1089 1102 1124 1117 1125 1201 1305 1368 1245 1138 1036 986 967 933 926 988 1066 1067 1009 992 1005 1046 999 879 779 667 536 484 375 223 73 5 6 4 6 5 6 8 8 7 6 9 8 10 6 11 7 10 10 9 8 10 10 7 7 11 9 10 10 13 11 11 7 4 3 7 4
361 327 349 353 360 378 402 445 571 710 726 740 769 778 807 811 833 866 921 976 1070 1072 1097 1131 1184 1230 1191 1150 1139 1142 1175 1270 1386 1400 1268 1165 1053 987 933 904 895 929 1062 1102 1048 1030 1042 929 852 760 637 588 402 304 222 81 2 8 4 6 4 9 7 10 10 7 10 10 8 11 11 8 9 12 6 11 12 9 7 8 11 11 11 10 10 11 8 8 11 0 5 7 4
393 371 387 380 392 422 439 485 636 718 749 758 797 837 904 912 910 967 1025 1077 1134 1153 1186 1228 1321 1321 1213 1179 1161 1167 1200 1282 1421 1384 1247 1129 1055 968 881 860 849 876 914 957 1023 975 892 790 706 646 549 462 369 198 70 6 4 6 4 5 6 12 7 9 11 7 9 10 12 11 9 12 11 11 9 8 11 12 11 13 10 10 11 9 9 10 11 11 9 -1 3 4 3
395 395 422 423 436 467 505 532 661 749 781 820 884 921 959 996 1009 1076 1148 1197 1177 1205 1218 1239 1385 1286 1211 1186 1169 1172 1212 1273 1386 1408 1245 1127 1022 943 799 733 743 715 781 802 835 803 739 668 588 485 283 272 181 29 6 7 4 5 6 7 10 6 9 10 13 11 11 10 11 11 12 12 11 10 11 11 11 12 15 10 12 12 11 13 9 9 11 9 4 -1 3 5 3
405 406 425 453 494 525 546 580 686 804 871 908 972 1010 1025 1069 1092 1181 1296 1315 1240 1240 1243 1269 1359 1251 1223 1219 1204 1205 1232 1273 1341 1408 1237 1118 1004 915 780 662 602 609 647 661 686 651 617 524 466 357 93 158 30 9 8 7 7 6 7 7 9 13 5 14 14 11 10 13 14 10 9 11 14 12 6 11 10 12 11 14 12 12 12 13 11 11 10 3 3 4 8 7 0
406 441 448 491 517 559 593 660 773 897 940 974 1048 1057 1089 1133 1162 1197 1266 1344 1261 1271 1265 1302 1351 1257 1255 1259 1259 1254 1260 1276 1314 1374 1199 1100 1027 919 780 663 566 551 514 519 548 509 491 392 312 115 2 11 7 7 9 7 6 6 11 11 11 12 6 14 13 14 9 13 14 12 16 19 14 11 10 13 14 12 12 14 13 12 12 10 9 10 5 5 5 8 5 4 6
452 488 520 562 574 577 637 685 829 987 1034 1051 1144 1180 1169 1170 1185 1204 1243 1317 1285 1295 1306 1346 1386 1289 1287 1291 1305 1312 1295 1295 1331 1334 1206 1134 1049 924 788 694 605 527 475 410 367 343 375 281 179 65 5 9 9 10 8 6 5 6 11 14 15 10 18 15 12 13 16 16 11 17 15 13 16 11 12 13 13 14 13 12 11 13 12 11 9 10 2 4 7 9 6 3 5
465 505 576 611 636 611 677 717 851 1083 1093 1125 1254 1338 1281 1211 1214 1236 1249 1280 1313 1314 1335 1345 1441 1339 1302 1309 1321 1376 1355 1355 1339 1306 1235 1151 1072 989 867 784 682 561 417 302 225 186 196 136 40 9 10 11 12 8 9 11 7 12 11 17 11 16 14 12 14 18 18 10 17 15 11 10 21 12 14 12 10 11 11 13 13 10 11 11 9 3 4 3 3 4 5 5 5
476 540 613 674 673 646 763 844 851 1142 1147 1177 1341 1487 1398 1268 1261 1264 1280 1269 1315 1347 1348 1375 1492 1399 1333 1335 1345 1396 1422 1403 1386 1365 1260 1132 1071 1034 945 884 746 584 409 248 173 110 64 16 7 9 6 14 11 20 6 5 9 18 12 21 15 21 19 14 15 18 11 12 24 14 14 15 12 11 12 13 13 14 16 14 14 11 7 7 4 6 2 5 7 4 6 8 5
510 575 635 727 726 730 850 982 1081 1188 1207 1237 1339 1482 1486 1333 1276 1265 1275 1282 1352 1369 1378 1393 1492 1454 1376 1368 1380 1426 1458 1440 1458 1416 1250 1115 1036 1037 977 860 729 585 431 288 131 71 40 10 10 11 5 11 21 15 11 4 15 23 17 12 23 27 25 25 20 12 16 27 23 17 6 13 15 13 13 13 15 12 14 14 12 12 10 7 8 3 8 10 3 1 6 6 5
578 621 705 810 832 862 959 1114 1247 1244 1230 1252 1273 1384 1535 1401 1320 1316 1300 1307 1364 1385 1387 1395 1459 1498 1407 1387 1390 1421 1486 1496 1550 1423 1271 1135 1017 913 818 737 635 512 416 291 132 14 16 11 13 11 9 7 19 15 21 10 13 30 18 15 26 27 28 15 13 22 19 17 13 10 8 15 16 15 9 14 15 13 12 13 11 10 8 0 7 4 8 4 4 13 46 80 114
648 709 778 864 916 949 999 1151 1328 1323 1259 1263 1284 1362 1509 1398 1355 1347 1327 1351 1409 1390 1383 1398 1442 1552 1486 1437 1425 1465 1520 1567 1568 1399 1260 1149 1001 862 734 623 515 426 297 174 42 17 15 29 2 15 14 8 18 18 19 14 16 14 25 25 23 21 15 8 29 24 22 10 12 19 20 19 8 17 13 11 13 13 13 7 8 9 3 6 6 3 5 28 65 97 149 180 241
722 815 872 927 970 1021 1057 1131 1270 1406 1332 1302 1310 1350 1496 1403 1362 1352 1373 1460 1450 1422 1410 1418 1467 1644 1620 1507 1476 1502 1565 1563 1474 1347 1207 1083 948 820 681 550 426 303 202 85 14 13 20 21 24 6 15 12 26 17 16 15 18 26 38 27 18 15 24 20 17 24 17 10 16 24 13 15 13 11 14 9 9 12 12 9 10 4 4 6 4 28 64 127 171 222 267 304 361
813 920 1004 1057 1062 1064 1089 1123 1206 1341 1437 1360 1352 1410 1490 1404 1420 1381 1403 1518 1510 1468 1440 1459 1547 1725 1713 1571 1533 1540 1589 1438 1315 1269 1125 995 840 711 606 516 377 243 102 24 19 24 23 26 27 24 9 28 19 24 20 28 24 28 31 10 25 25 30 18 19 21 14 18 16 22 10 13 14 12 9 13 11 10 9 6 3 5 5 4 49 108 160 214 282 344 403 457 495
916 1041 1140 1174 1105 1102 1119 1137 1169 1288 1474 1422 1410 1506 1510 1439 1432 1407 1418 1525 1577 1490 1480 1498 1609 1788 1763 1664 1553 1560 1544 1369 1222 1109 1071 963 805 645 515 373 288 143 41 46 44 36 23 31 32 39 23 29 26 36 22 19 27 12 32 31 27 24 24 17 28 16 9 19 12 17 8 16 12 7 12 7 8 8 3 5 6 4 22 61 127 196 276 354 406 478 550 594 611
1033 1154 1264 1297 1171 1133 1144 1140 1178 1248 1346 1491 1472 1555 1541 1431 1421 1405 1430 1554 1593 1526 1486 1467 1536 1593 1595 1530 1458 1393 1503 1346 1197 1069 960 883 772 621 477 316 153 47 65 62 51 44 41 8 29 31 24 28 31 25 23 30 35 31 35 29 25 25 25 17 19 12 25 28 11 16 7 15 6 10 10 8 7 4 6 3 6 45 82 144 200 296 396 473 565 599 695 728 744
1190 1265 1389 1379 1283 1180 1158 1160 1206 1241 1282 1432 1587 1639 1604 1480 1427 1431 1507 1549 1447 1424 1364 1298 1362 1408 1421 1345 1326 1307 1412 1296 1113 957 845 721 657 508 362 242 71 82 76 72 57 53 50 45 35 38 27 31 27 42 31 32 30 36 32 29 27 21 20 28 14 15 16 27 18 11 9 10 10 9 7 6 7 5 6 12 51 101 163 225 309 439 532 575 716 728 822 878 891
1337 1436 1513 1498 1376 1292 1195 1206 1239 1263 1285 1401 1594 1731 1612 1515 1454 1456 1449 1396 1301 1334 1304 1201 1192 1259 1361 1238 1224 1223 1277 1132 1042 881 724 595 473 388 252 94 98 100 97 82 77 65 53 53 64 53 38 33 26 40 39 34 36 36 29 32 24 26 25 21 16 22 15 17 13 10 12 8 7 4 5 4 5 5 16 66 111 177 260 302 416 573 668 742 820 860 961 1027 1019
1383 1528 1680 1605 1466 1364 1311 1273 1284 1275 1307 1432 1596 1550 1625 1582 1555 1482 1355 1311 1219 1212 1258 1213 1145 1128 1236 1184 1142 1076 1041 968 874 784 638 354 338 249 117 122 109 106 104 95 83 68 62 56 78 64 46 23 38 36 31 36 34 33 22 31 25 36 11 22 18 26 10 9 10 12 12 6 6 3 4 7 7 31 82 131 194 293 362 413 504 642 817 894 936 1000 1076 1131 1101
1411 1464 1640 1729 1586 1461 1357 1324 1295 1303 1353 1511 1576 1514 1442 1477 1474 1483 1332 1256 1196 1130 1108 1232 1136 1086 1064 1105 1045 901 831 820 694 692 522 359 203 161 141 131 129 115 107 101 97 86 66 46 53 56 56 54 49 32 28 33 34 30 36 21 24 20 20 17 6 5 9 16 6 11 13 7 8 7 5 5 33 92 156 229 321 361 430 501 590 692 801 977 1074 1138 1216 1230 1143
1452 1525 1627 1723 1556 1426 1372 1365 1346 1356 1470 1577 1520 1294 1229 1301 1431 1470 1320 1193 1148 1099 1088 1092 1132 1053 998 965 823 781 661 616 561 491 355 219 166 158 151 144 133 128 116 108 100 109 111 81 54 55 51 52 45 29 35 31 34 36 34 31 23 29 18 18 17 11 10 11 5 9 9 11 7 4 6 56 124 198 236 329 469 492 516 545 624 733 859 1008 1095 1138 1222 1194 1112
1495 1543 1627 1689 1549 1425 1389 1389 1386 1409 1506 1577 1420 1265 1148 1188 1308 1285 1205 1140 1078 1031 1034 1014 946 899 832 799 680 621 515 447 408 304 201 184 177 168 161 151 144 134 126 128 101 107 103 71 63 61 55 47 49 48 36 39 34 36 29 40 27 25 19 19 15 15 6 17 2 5 6 6 6 6 65 142 247 324 351 378 524 554 558 593 681 754 832 923 1026 1045 1092 1121 1073
1566 1586 1673 1690 1544 1434 1416 1402 1409 1473 1581 1561 1407 1275 1106 1097 1110 1076 1095 1095 962 914 891 829 785 741 669 639 565 477 404 323 262 207 197 188 192 179 171 158 152 144 127 127 117 99 96 73 66 63 56 63 41 46 44 36 35 28 36 29 30 18 15 13 17 15 11 11 9 4 5 6 6 81 156 272 363 452 419 407 521 566 580 622 709 782 861 914 989 1025 1055 1071 1059
1621 1648 1743 1640 1506 1444 1434 1462 1481 1561 1642 1546 1357 1224 1082 1033 984 945 936 952 873 807 755 685 620 590 537 482 423 349 292 232 216 209 200 183 196 187 172 168 157 153 136 138 138 111 109 86 81 68 69 48 53 51 44 52 34 32 29 22 22 21 17 11 19 11 11 14 9 7 3 20 88 175 273 374 475 588 472 457 557 580 600 657 744 824 895 944 1003 1025 1042 1055 1058
1683 1729 1728 1644 1541 1496 1508 1503 1538 1655 1720 1539 1389 1239 1128 1047 983 950 878 807 747 693 658 589 529 477 422 360 302 257 242 224 221 212 207 200 199 189 182 175 165 159 142 145 133 120 109 94 87 75 64 61 55 52 45 41 39 39 24 31 15 13 12 11 12 12 9 9 11 12 29 94 189 314 418 510 591 619 515 503 560 577 619 675 760 850 942 988 1020 1034 1044 1059 1066
1746 1762 1628 1575 1556 1547 1541 1542 1598 1709 1549 1435 1422 1318 1217 1052 923 878 800 727 644 580 539 503 465 407 342 296 257 239 235 234 226 215 212 203 206 201 190 184 177 163 152 154 137 126 103 96 92 86 71 72 58 60 44 44 40 31 32 26 11 15 13 12 13 9 7 7 13 22 76 164 315 439 534 624 681 632 546 525 558 579 624 692 777 873 991 1010 1023 1039 1042 1056 1083
1813 1689 1595 1572 1568 1571 1570 1607 1681 1582 1450 1335 1266 1251 1122 943 819 791 683 614 545 474 426 376 365 323 276 252 249 243 239 239 239 226 221 218 215 198 200 191 180 166 155 148 138 129 124 108 107 105 93 80 73 59 59 43 32 38 34 25 16 7 10 9 7 10 9 10 27 47 121 197 373 509 598 663 752 665 562 528 552 575 624 697 788 889 1003 1027 1038 1048 1056 1084 1109
1744 1640 1588 1573 1582 1605 1649 1697 1699 1557 1401 1265 1165 1133 994 889 783 676 589 503 446 396 347 307 290 273 259 254 253 248 247 242 235 227 227 217 217 208 206 195 185 171 159 156 153 133 113 120 117 109 97 82 76 62 53 46 43 43 38 31 19 13 12 13 8 7 7 32 80 122 143 180 246 337 463 513 602 652 549 526 543 578 624 679 779 884 1007 1037 1058 1058 1079 1118 1117
1712 1629 1598 1599 1634 1680 1656 1546 1468 1479 1369 1191 1048 962 884 761 683 578 477 404 374 337 305 298 276 273 267 264 258 255 251 247 243 232 229 226 221 213 211 203 190 177 158 163 148 138 141 128 113 107 98 92 84 73 68 55 44 38 28 18 17 18 14 15 6 5 39 91 150 196 227 241 272 357 390 418 506 612 538 526 539 576 622 687 766 874 995 1053 1076 1072 1116 1157 1112
1699 1648 1645 1713 1720 1706 1565 1438 1361 1325 1227 1092 967 848 760 639 535 484 387 324 316 321 287 287 280 273 277 269 262 268 248 247 244 237 233 232 225 213 210 205 191 178 170 165 155 154 147 129 121 110 107 95 88 80 79 64 59 42 37 21 12 9 6 7 4 44 94 155 231 306 336 319 321 392 428 451 462 556 529 528 538 571 617 692 777 875 1001 1075 1087 1108 1159 1182 1094
1743 1717 1654 1567 1513 1497 1513 1374 1287 1224 1112 974 887 749 661 560 453 383 306 287 288 292 294 293 303 282 277 277 271 263 253 250 245 240 236 233 231 223 215 204 198 180 173 166 161 139 142 134 132 119 110 111 93 85 78 68 67 43 28 17 13 9 5 7 49 97 155 213 331 410 485 461 402 415 462 482 493 519 539 534 551 562 622 701 791 890 1024 1074 1126 1151 1202 1179 1096
1615 1490 1459 1410 1358 1343 1357 1374 1263 1102 988 873 740 632 555 469 372 296 287 297 304 306 305 323 315 294 284 284 268 265 257 255 243 240 241 236 227 225 220 205 200 183 176 175 177 159 152 142 135 127 116 113 101 88 87 71 59 59 41 15 8 7 12 59 121 180 256 316 336 472 565 605 549 496 485 505 518 541 554 549 563 580 629 724 810 891 976 1010 1039 1115 1207 1191 1098
1504 1385 1336 1311 1292 1280 1252 1230 1151 1017 874 760 636 524 459 392 311 293 307 315 311 308 307 318 303 299 291 278 270 262 259 251 250 243 244 235 230 219 212 205 198 193 176 176 166 160 156 146 135 134 127 115 109 105 85 77 72 65 64 37 11 18 76 136 228 303 381 435 439 463 573 664 685 606 525 524 536 557 567 578 581 591 631 728 817 893 962 993 1012 1083 1166 1220 1102
1488 1362 1340 1319 1289 1268 1249 1213 1078 921 812 683 570 459 371 314 293 318 317 316 321 317 311 304 302 303 292 288 280 270 260 259 256 249 249 242 231 226 224 209 203 191 189 183 173 170 159 157 144 135 131 120 111 101 88 74 85 81 66 34 30 77 138 235 348 443 512 545 537 527 582 664 732 685 563 550 555 571 587 595 607 613 639 741 826 895 948 980 1027 1079 1144 1213 1139
1552 1450 1399 1382 1379 1330 1253 1157 1031 896 753 605 505 416 319 297 333 337 324 320 317 321 318 306 312 298 296 292 281 272 266 263 262 256 250 245 233 228 221 210 201 191 194 187 173 164 169 153 144 137 133 121 110 105 94 87 103 114 106 51 98 170 271 378 477 585 662 631 597 585 603 665 742 716 626 580 584 600 605 612 620 633 647 742 828 885 935 968 1038 1108 1164 1231 1166
1637 1550 1519 1513 1403 1283 1195 1067 948 819 686 565 462 369 302 337 342 335 351 339 321 313 322 317 305 298 302 294 290 277 274 273 266 258 257 243 245 229 223 211 202 211 196 185 183 172 162 156 148 140 135 127 114 107 80 86 111 132 129 96 205 315 407 513 626 732 725 681 638 625 636 652 725 700 637 601 608 615 624 631 640 648 659 709 788 842 895 965 1075 1169 1221 1270 1206
