input/tv_dem250.txt
ncols         200
nrows         140
xllcorner     -9999.9999984932
yllcorner     19999.999993291
cellsize      250
NODATA_value  -9999
[rows 0 to 40 of 140, columns 0 to 92 of 200]
875 782 708 619 578 548 526 521 512 511 502 501 506 550 555 547 553 534 528 489 495 476 475 469 456 447 418 405 387 377 320 382 397 416 429 444 465 499 518 552 566 610 651 710 726 706 664 598 529 457 396 330 288 243 209 194 188 187 184 189 189 194 204 211 227 242 275 322 350 380 393 433 483 543 641 770 814 860 881 947 1013 1108 1229 1185 1092 1090 1113 1224 1262 1326 1308 1292 1197
730 651 582 516 474 431 419 409 399 406 404 404 415 418 430 429 427 413 403 389 382 366 357 339 333 328 319 310 309 304 279 307 310 320 330 338 358 372 403 423 444 480 522 549 551 520 493 439 388 352 287 243 218 197 183 183 178 187 185 189 199 202 216 237 255 293 342 389 410 443 460 493 545 635 738 809 860 914 947 990 1087 1203 1316 1231 1119 1122 1158 1276 1334 1362 1365 1369 1297
601 519 471 397 355 327 306 318 321 300 299 303 307 303 298 302 302 293 289 277 275 260 250 251 237 237 234 234 238 241 242 247 245 244 257 264 281 293 310 317 338 360 374 397 400 388 355 324 289 248 219 197 181 182 179 180 181 188 195 197 203 225 242 271 314 354 421 476 470 490 516 560 640 731 801 851 905 943 980 999 1081 1197 1291 1275 1156 1169 1210 1302 1376 1398 1440 1434 1414
431 408 343 298 253 225 221 218 211 213 205 212 207 212 203 206 203 204 202 198 189 193 182 187 183 185 188 189 200 203 210 206 196 195 204 211 221 226 246 238 257 268 271 274 275 269 246 226 212 195 180 177 174 172 185 187 194 200 201 203 223 241 278 320 361 428 460 553 544 553 585 648 726 795 844 900 948 975 1005 1039 1066 1092 1158 1295 1247 1223 1274 1351 1395 1422 1521 1553 1545
349 281 259 227 167 149 154 141 152 152 148 152 149 154 149 149 158 148 148 147 144 142 138 151 143 155 157 166 174 188 192 183 176 169 178 179 186 197 192 193 203 207 206 206 207 197 191 184 176 171 178 172 174 180 191 205 205 201 204 232 273 292 326 366 417 481 519 593 628 638 678 741 793 839 891 945 998 1034 1051 1044 1066 1103 1132 1157 1309 1291 1326 1371 1422 1452 1512 1633 1552
213 183 141 119 108 106 108 105 112 123 118 122 123 125 127 130 139 139 143 140 147 144 143 144 148 139 134 160 168 176 174 179 164 155 156 159 171 169 178 164 164 172 161 165 164 179 169 176 174 178 175 177 187 186 198 227 221 233 236 271 317 337 373 417 469 514 571 639 699 735 757 795 853 896 937 996 1074 1130 1126 1075 1093 1126 1133 1158 1216 1364 1383 1422 1460 1481 1547 1563 1498
121 99 98 96 92 96 95 94 98 99 103 113 107 112 121 130 137 139 137 140 131 139 147 146 155 147 143 149 163 163 170 167 153 153 155 153 155 161 161 158 164 160 167 172 162 172 174 179 180 186 191 188 199 210 230 261 249 292 324 293 366 386 415 459 508 551 605 678 753 810 845 879 924 945 979 1050 1152 1247 1209 1151 1134 1144 1149 1162 1193 1294 1428 1474 1497 1518 1592 1512 1495
98 99 94 100 96 94 93 91 93 96 101 107 110 113 120 126 132 135 140 135 145 145 151 152 145 146 148 151 149 149 156 151 157 156 159 165 156 155 147 161 162 158 171 161 174 173 182 191 197 203 204 207 216 227 261 283 314 327 381 378 376 431 462 502 544 591 647 709 786 846 887 952 994 1010 1022 1101 1213 1362 1327 1261 1213 1174 1163 1185 1211 1296 1413 1525 1518 1570 1565 1509 1499
98 92 92 94 90 95 105 97 95 96 103 105 108 115 124 133 139 143 144 147 150 159 158 156 160 151 154 158 156 166 161 165 155 154 159 154 159 156 162 161 156 165 162 170 169 181 192 216 215 227 217 230 243 257 284 331 356 366 415 451 449 471 514 544 591 636 690 746 807 870 928 967 1025 1048 1063 1151 1267 1436 1435 1339 1280 1217 1210 1219 1235 1295 1372 1435 1548 1630 1565 1522 1550
95 95 95 100 96 96 96 92 95 101 105 106 118 122 132 137 142 147 151 159 169 165 174 179 180 183 194 191 193 192 195 195 190 179 176 171 177 181 178 175 175 180 187 181 197 202 210 228 243 257 246 259 267 280 299 349 400 417 451 494 521 529 559 592 637 684 736 784 844 900 978 1027 1068 1082 1112 1165 1305 1468 1529 1419 1290 1253 1251 1249 1248 1303 1356 1412 1455 1620 1578 1584 1542
99 95 96 97 97 95 100 100 104 118 122 120 126 137 142 148 146 153 164 176 181 185 194 199 209 212 212 223 217 216 212 210 212 211 208 208 210 202 202 199 206 198 206 211 219 229 234 259 266 284 286 293 302 320 332 364 412 447 488 547 597 615 604 647 689 744 790 835 878 928 987 1077 1105 1123 1140 1178 1233 1380 1508 1469 1347 1314 1338 1292 1267 1297 1349 1437 1471 1532 1673 1593 1466
95 91 103 94 101 94 116 118 123 132 137 131 137 147 157 161 168 179 181 196 202 209 213 228 230 240 243 243 244 243 244 244 254 243 242 235 235 232 223 227 233 227 230 237 252 264 278 297 296 314 324 336 349 362 382 410 441 493 535 593 652 682 691 715 745 790 832 878 916 971 1043 1125 1118 1138 1159 1186 1210 1268 1401 1480 1424 1390 1386 1342 1297 1314 1377 1466 1501 1544 1677 1534 1428
101 95 93 108 119 128 133 137 145 144 141 142 152 159 169 177 191 192 209 218 225 237 246 256 270 271 276 276 273 277 281 279 285 279 276 273 262 268 266 256 255 262 263 273 287 300 310 325 334 344 363 378 400 410 430 465 509 541 590 638 710 745 765 765 793 831 873 921 974 1048 1134 1185 1149 1164 1172 1201 1213 1229 1289 1362 1491 1482 1443 1392 1320 1330 1367 1511 1548 1601 1570 1480 1415
125 130 123 133 141 146 144 150 150 154 152 154 164 178 185 198 214 219 231 243 257 268 276 292 297 303 312 311 315 318 316 321 320 312 308 312 304 319 310 302 298 301 301 311 325 330 350 364 378 393 403 426 456 459 481 527 569 609 640 701 774 804 828 841 835 875 925 986 1058 1150 1248 1239 1201 1179 1190 1199 1216 1223 1267 1350 1467 1551 1510 1464 1386 1357 1375 1485 1574 1484 1453 1427 1409
150 149 147 153 151 151 157 157 168 168 165 176 189 206 220 239 249 259 269 288 296 305 326 337 337 334 346 357 363 365 368 365 369 364 363 359 365 374 365 354 350 361 353 366 373 389 400 414 430 442 450 482 508 518 552 594 629 678 718 752 808 853 887 897 909 930 980 1057 1163 1264 1346 1307 1243 1196 1203 1218 1226 1244 1261 1331 1476 1596 1583 1557 1508 1437 1424 1510 1597 1474 1453 1425 1401
162 162 160 155 156 165 171 178 188 203 200 204 230 244 258 273 288 294 311 332 345 356 379 396 390 395 406 416 423 427 431 431 429 426 420 414 420 423 424 417 419 418 415 418 427 442 459 470 495 497 504 532 565 582 613 655 701 752 792 827 865 890 927 953 957 973 1027 1148 1261 1358 1466 1390 1281 1221 1217 1231 1247 1259 1278 1296 1415 1603 1645 1607 1634 1565 1513 1551 1498 1460 1430 1425 1415
165 161 159 165 172 181 208 210 222 228 249 262 280 298 308 324 339 354 366 379 402 415 434 440 449 457 471 488 495 500 500 505 506 501 497 493 493 496 494 484 487 488 491 492 492 508 525 534 551 558 568 585 622 649 681 727 780 832 869 902 916 934 959 982 988 1007 1067 1216 1347 1461 1538 1458 1321 1238 1236 1252 1262 1272 1288 1285 1357 1540 1734 1700 1652 1553 1493 1480 1468 1457 1446 1438 1415
162 168 178 196 211 228 243 260 276 296 315 332 346 363 375 394 406 425 438 451 464 478 494 510 528 543 560 578 590 592 584 589 598 586 584 582 583 589 575 578 581 587 588 585 587 599 605 616 626 638 650 658 690 730 768 809 860 910 950 973 977 983 998 1011 1018 1041 1088 1242 1377 1538 1611 1531 1388 1268 1246 1269 1279 1293 1294 1309 1357 1528 1682 1726 1620 1510 1485 1472 1469 1457 1441 1440 1430
185 199 214 222 252 279 299 324 348 366 384 397 415 431 440 455 471 488 513 525 545 562 580 601 624 643 655 676 693 729 711 712 695 679 687 679 682 685 665 670 676 684 685 692 695 696 699 702 712 727 735 747 768 815 852 887 935 983 1014 1029 1029 1025 1028 1044 1048 1072 1106 1224 1353 1443 1612 1591 1422 1291 1258 1285 1297 1307 1309 1317 1371 1506 1678 1661 1532 1492 1488 1482 1464 1462 1452 1431 1427
227 242 253 289 311 332 363 389 419 430 444 456 478 496 508 530 552 577 602 617 641 664 681 704 729 747 748 803 850 862 856 854 830 835 837 824 812 794 785 791 803 808 798 790 791 799 813 830 826 834 842 841 862 883 923 958 1002 1041 1068 1088 1085 1065 1058 1075 1092 1108 1126 1207 1340 1438 1548 1604 1427 1302 1270 1294 1313 1319 1321 1333 1414 1549 1691 1558 1504 1501 1498 1480 1475 1464 1460 1447 1448
284 306 343 372 390 420 425 471 487 501 517 531 550 560 601 635 656 674 702 727 750 776 794 809 841 886 910 931 953 967 1000 1008 1016 1019 1019 1001 993 945 930 944 959 974 972 969 947 953 948 950 946 954 932 930 935 955 996 1029 1071 1102 1154 1189 1130 1097 1087 1107 1119 1136 1153 1195 1328 1429 1500 1600 1417 1310 1284 1302 1320 1330 1341 1344 1448 1574 1648 1539 1509 1523 1513 1485 1479 1471 1468 1459 1454
371 411 448 482 504 511 531 564 571 597 616 620 629 665 703 744 775 799 834 856 876 910 931 949 965 980 1000 1022 1034 1046 1057 1070 1085 1103 1113 1119 1125 1082 1104 1108 1130 1140 1133 1121 1108 1105 1096 1094 1075 1039 1007 1015 1016 1023 1057 1091 1136 1224 1281 1266 1176 1128 1116 1134 1145 1161 1180 1206 1252 1381 1510 1602 1417 1326 1301 1311 1338 1353 1358 1367 1447 1550 1656 1545 1538 1564 1560 1521 1485 1480 1467 1469 1465
471 527 555 580 616 630 650 661 658 689 716 701 719 767 820 841 903 933 939 952 984 1013 1025 1013 1027 1046 1063 1076 1085 1109 1122 1144 1153 1172 1209 1219 1224 1230 1254 1253 1237 1256 1260 1255 1249 1239 1233 1211 1124 1093 1072 1087 1088 1084 1099 1139 1245 1336 1435 1337 1221 1160 1144 1159 1172 1186 1193 1221 1249 1280 1422 1588 1438 1350 1333 1326 1354 1363 1369 1379 1426 1589 1590 1577 1613 1553 1502 1490 1492 1481 1476 1468 1468
600 651 693 725 739 757 756 770 763 793 822 833 872 906 935 966 986 1010 1018 1036 1065 1083 1091 1080 1089 1092 1117 1137 1158 1179 1192 1236 1282 1317 1355 1382 1356 1363 1367 1362 1332 1386 1398 1390 1393 1361 1367 1244 1167 1122 1131 1139 1137 1135 1140 1215 1322 1498 1503 1412 1269 1194 1168 1184 1199 1205 1217 1235 1253 1266 1351 1534 1461 1371 1347 1346 1370 1374 1381 1388 1435 1603 1615 1632 1642 1531 1505 1504 1497 1489 1481 1476 1479
750 813 848 871 884 908 912 929 954 962 966 1008 1045 1076 1071 1066 1075 1089 1110 1131 1148 1158 1147 1134 1155 1159 1186 1219 1267 1297 1335 1388 1421 1468 1507 1538 1437 1433 1427 1505 1461 1547 1554 1511 1532 1515 1403 1253 1184 1152 1171 1178 1174 1169 1171 1246 1409 1588 1583 1450 1306 1219 1187 1199 1218 1230 1241 1244 1263 1281 1324 1459 1490 1403 1365 1374 1387 1387 1389 1398 1452 1589 1684 1668 1584 1521 1515 1509 1504 1494 1487 1486 1486
899 942 959 1003 1027 1057 1073 1082 1104 1102 1085 1161 1203 1216 1183 1167 1165 1182 1229 1291 1263 1211 1194 1212 1233 1239 1240 1317 1403 1396 1398 1493 1568 1592 1641 1597 1463 1463 1474 1588 1568 1619 1605 1543 1610 1617 1473 1275 1204 1201 1208 1207 1201 1200 1206 1283 1420 1656 1658 1518 1405 1277 1214 1215 1243 1253 1257 1265 1275 1300 1324 1373 1521 1466 1407 1397 1402 1398 1395 1408 1461 1605 1690 1579 1542 1532 1513 1514 1509 1505 1500 1500 1500
994 1046 1100 1146 1183 1209 1233 1220 1234 1236 1190 1286 1328 1332 1242 1221 1224 1233 1326 1417 1326 1251 1226 1264 1274 1278 1282 1412 1562 1487 1451 1472 1651 1694 1757 1638 1511 1511 1523 1606 1682 1735 1644 1604 1685 1677 1498 1305 1225 1238 1236 1227 1226 1224 1222 1291 1450 1689 1681 1577 1473 1335 1252 1234 1264 1275 1276 1286 1296 1316 1334 1350 1421 1553 1427 1416 1413 1412 1406 1429 1513 1646 1617 1568 1546 1531 1530 1528 1520 1515 1510 1513 1511
1079 1138 1201 1264 1310 1337 1367 1372 1410 1378 1335 1431 1442 1367 1283 1251 1249 1273 1398 1519 1362 1281 1261 1301 1310 1314 1318 1407 1676 1614 1523 1516 1566 1738 1824 1718 1592 1572 1570 1621 1771 1802 1696 1711 1796 1668 1473 1313 1256 1268 1254 1248 1248 1245 1242 1315 1461 1701 1692 1612 1529 1418 1297 1254 1285 1292 1293 1304 1315 1328 1335 1346 1389 1530 1425 1446 1435 1427 1433 1458 1554 1670 1614 1574 1547 1537 1533 1531 1528 1521 1523 1526 1526
1195 1248 1329 1413 1486 1498 1522 1548 1574 1528 1482 1553 1543 1391 1292 1264 1259 1293 1462 1554 1382 1307 1301 1328 1334 1344 1338 1390 1633 1686 1607 1586 1668 1777 1813 1748 1649 1620 1612 1709 1872 1829 1800 1865 1789 1626 1464 1321 1288 1281 1272 1266 1266 1259 1257 1345 1494 1709 1699 1657 1549 1469 1350 1277 1303 1313 1314 1319 1326 1332 1339 1344 1362 1509 1438 1459 1457 1447 1458 1499 1579 1671 1651 1602 1566 1544 1543 1542 1535 1532 1527 1533 1535
1325 1390 1421 1473 1622 1654 1682 1748 1748 1653 1626 1666 1520 1389 1296 1262 1264 1306 1434 1583 1415 1318 1326 1345 1354 1362 1370 1372 1550 1710 1688 1676 1766 1876 1859 1725 1648 1651 1645 1737 1952 1900 1912 1946 1763 1599 1431 1303 1299 1293 1288 1281 1278 1272 1248 1347 1614 1723 1696 1681 1586 1479 1371 1301 1324 1330 1330 1333 1330 1333 1339 1336 1360 1471 1476 1472 1472 1479 1486 1544 1610 1738 1667 1623 1568 1567 1549 1548 1548 1537 1545 1545 1547
1423 1514 1490 1499 1588 1772 1842 1896 1842 1791 1768 1680 1501 1367 1274 1252 1265 1308 1411 1603 1441 1325 1342 1360 1369 1380 1385 1403 1461 1549 1630 1673 1700 1734 1804 1687 1671 1688 1682 1791 1922 1884 1768 1724 1665 1553 1377 1323 1309 1299 1295 1290 1286 1279 1250 1358 1675 1733 1683 1658 1584 1493 1374 1326 1345 1345 1343 1342 1346 1336 1336 1338 1364 1465 1504 1500 1487 1493 1518 1575 1669 1691 1654 1623 1574 1569 1556 1559 1551 1556 1553 1554 1553
1496 1577 1542 1556 1589 1726 1902 2040 1982 1895 1731 1566 1439 1325 1266 1248 1261 1313 1448 1528 1443 1320 1341 1365 1377 1383 1396 1413 1438 1478 1532 1569 1607 1641 1679 1692 1715 1704 1771 1841 1765 1666 1581 1530 1505 1383 1357 1333 1321 1308 1301 1297 1289 1286 1268 1383 1629 1737 1667 1604 1535 1460 1366 1361 1369 1364 1368 1360 1355 1350 1355 1358 1396 1469 1544 1516 1512 1526 1557 1606 1707 1682 1649 1621 1587 1575 1571 1568 1564 1560 1554 1556 1558
1545 1613 1594 1583 1587 1699 1841 1954 1958 1797 1640 1495 1385 1300 1268 1254 1267 1347 1446 1513 1433 1308 1339 1362 1375 1388 1403 1416 1436 1460 1503 1546 1568 1602 1660 1746 1723 1718 1735 1716 1647 1577 1539 1452 1421 1391 1371 1341 1328 1312 1303 1296 1292 1294 1269 1411 1648 1774 1700 1623 1498 1419 1371 1388 1388 1386 1373 1377 1381 1388 1384 1404 1421 1546 1592 1572 1543 1560 1576 1629 1722 1669 1641 1621 1593 1582 1576 1578 1571 1568 1564 1562 1562
1504 1695 1656 1616 1631 1683 1783 1923 1881 1707 1572 1446 1354 1273 1267 1263 1307 1405 1473 1512 1433 1303 1323 1348 1359 1389 1412 1429 1439 1461 1487 1518 1534 1599 1678 1720 1704 1701 1694 1667 1606 1546 1462 1436 1421 1398 1368 1337 1322 1311 1299 1298 1291 1304 1276 1421 1629 1797 1767 1646 1512 1418 1399 1408 1399 1397 1393 1397 1431 1424 1410 1419 1439 1480 1600 1650 1577 1606 1632 1718 1741 1658 1629 1612 1601 1590 1590 1580 1578 1576 1565 1571 1567
1493 1699 1743 1706 1705 1704 1796 1904 1798 1614 1493 1389 1288 1266 1264 1293 1370 1508 1553 1561 1441 1310 1304 1316 1316 1388 1421 1437 1453 1469 1490 1499 1518 1606 1700 1690 1693 1688 1679 1647 1590 1533 1459 1447 1428 1395 1369 1326 1314 1305 1299 1294 1287 1287 1284 1443 1634 1787 1790 1701 1589 1427 1418 1426 1425 1419 1419 1433 1482 1453 1425 1432 1442 1467 1518 1593 1618 1655 1722 1742 1667 1644 1626 1613 1602 1601 1589 1591 1586 1580 1565 1578 1581
1495 1651 1845 1764 1744 1762 1877 1872 1717 1544 1421 1326 1289 1268 1273 1327 1413 1579 1667 1607 1429 1320 1305 1292 1328 1431 1421 1444 1461 1477 1486 1505 1524 1548 1624 1670 1682 1662 1660 1631 1585 1548 1496 1457 1433 1426 1376 1293 1296 1295 1290 1286 1276 1276 1297 1439 1550 1697 1797 1758 1597 1447 1434 1441 1444 1438 1438 1459 1552 1471 1441 1440 1447 1461 1494 1554 1652 1743 1759 1672 1648 1633 1629 1616 1606 1602 1597 1591 1589 1580 1582 1588 1600
1452 1623 1867 1852 1806 1828 1950 1822 1653 1506 1397 1313 1284 1263 1283 1337 1442 1594 1767 1580 1428 1332 1303 1295 1420 1477 1429 1429 1456 1477 1478 1505 1525 1544 1590 1636 1664 1656 1649 1626 1592 1559 1521 1497 1487 1470 1371 1286 1281 1280 1280 1273 1263 1245 1328 1439 1565 1674 1810 1739 1577 1470 1441 1445 1450 1458 1455 1477 1616 1511 1458 1457 1462 1475 1503 1563 1676 1795 1684 1646 1643 1635 1626 1618 1605 1604 1603 1601 1600 1598 1595 1598 1612
1416 1547 1736 1850 1878 1855 1944 1816 1619 1478 1375 1299 1273 1260 1292 1354 1468 1658 1577 1494 1396 1314 1307 1328 1488 1503 1455 1423 1424 1450 1480 1498 1528 1557 1587 1606 1655 1645 1635 1626 1598 1571 1546 1568 1562 1531 1370 1282 1257 1267 1266 1256 1235 1254 1379 1499 1604 1715 1752 1598 1544 1486 1455 1458 1461 1469 1478 1488 1626 1568 1474 1473 1477 1491 1513 1580 1680 1717 1653 1644 1644 1635 1627 1616 1604 1607 1607 1612 1605 1595 1601 1604 1610
1345 1467 1570 1612 1652 1883 1925 1784 1596 1462 1341 1296 1275 1276 1308 1390 1511 1520 1450 1385 1333 1306 1313 1369 1515 1518 1481 1439 1422 1425 1461 1493 1519 1549 1581 1596 1616 1629 1633 1622 1613 1580 1590 1594 1598 1572 1398 1270 1229 1246 1236 1215 1210 1305 1440 1629 1671 1746 1700 1625 1557 1504 1454 1468 1475 1481 1483 1509 1596 1609 1488 1491 1501 1508 1540 1623 1753 1679 1640 1646 1641 1631 1623 1611 1613 1623 1619 1619 1616 1613 1613 1610 1622
1323 1419 1481 1541 1574 1671 1852 1732 1570 1425 1336 1295 1275 1292 1356 1470 1547 1431 1371 1335 1318 1310 1344 1440 1542 1536 1505 1461 1431 1435 1461 1484 1505 1535 1568 1585 1600 1611 1615 1629 1618 1596 1603 1620 1624 1569 1393 1251 1215 1208 1204 1202 1249 1347 1476 1626 1741 1805 1740 1654 1610 1564 1477 1510 1501 1494 1502 1504 1575 1631 1505 1519 1517 1523 1561 1688 1728 1660 1649 1650 1641 1632 1620 1620 1625 1629 1623 1626 1626 1622 1621 1623 1625
1363 1414 1487 1527 1557 1578 1740 1715 1522 1381 1308 1273 1269 1302 1396 1547 1524 1398 1356 1321 1315 1331 1419 1547 1617 1573 1523 1474 1439 1436 1458 1471 1484 1523 1557 1580 1589 1603 1622 1654 1606 1603 1618 1629 1607 1463 1319 1245 1218 1216 1229 1221 1263 1361 1504 1681 1815 1886 1772 1740 1747 1619 1531 1530 1510 1506 1505 1516 1569 1661 1527 1534 1538 1546 1590 1718 1698 1658 1654 1657 1652 1650 1623 1632 1637 1629 1627 1626 1627 1628 1623 1633 1634
