input/tv_dem250.txt
ncols         200
nrows         140
xllcorner     -9999.9999984932
yllcorner     19999.999993291
cellsize      250
NODATA_value  -9999
[rows 41 to 81 of 140, columns 93 to 185 of 200]
1670 1703 1737 1772 1784 1782 1763 1725 1686 1642 1614 1572 1547 1485 1485 1493 1550 1467 1388 1407 1436 1372 1196 1038 918 856 855 827 753 677 629 624 607 558 480 414 377 347 366 419 483 662 631 629 562 498 455 406 303 224 175 150 125 91 77 58 51 40 27 29 21 20 21 25 24 37 23 22 24 20 31 33 38 38 37 32 42 39 49 53 77 86 99 103 107 117 119 120 128 112 126 117 131
1666 1697 1718 1751 1770 1769 1768 1751 1674 1649 1635 1578 1538 1499 1502 1525 1578 1453 1410 1419 1451 1421 1215 1079 968 923 939 936 857 741 665 622 591 538 479 401 352 308 308 313 366 542 481 469 401 354 321 262 215 164 132 106 86 63 53 43 38 27 19 16 19 21 25 23 22 19 19 23 25 25 27 28 40 34 38 32 35 49 53 57 58 81 91 101 107 114 127 127 134 131 128 139 138
1684 1702 1718 1728 1755 1769 1776 1756 1700 1660 1650 1597 1534 1514 1515 1536 1629 1485 1444 1450 1473 1440 1283 1149 1070 1011 994 1052 949 877 816 718 594 412 360 349 333 318 294 288 285 410 334 311 277 243 223 187 155 122 94 76 59 49 37 35 26 25 22 21 20 20 21 21 19 17 19 19 24 22 26 24 45 34 38 42 44 47 53 58 63 82 93 104 113 129 136 142 146 147 143 155 156
1686 1702 1717 1734 1748 1760 1793 1773 1765 1736 1679 1600 1539 1525 1529 1572 1679 1571 1511 1495 1521 1469 1354 1253 1198 1095 1084 1158 1068 1009 885 775 613 420 334 333 328 312 304 282 273 254 241 211 186 173 157 134 116 89 66 56 42 34 32 21 17 20 16 21 20 21 20 20 17 27 21 20 18 27 19 31 38 40 44 42 52 51 59 58 72 83 96 113 124 140 158 169 172 172 173 175 177
1704 1708 1702 1736 1745 1762 1796 1805 1811 1813 1688 1598 1546 1535 1549 1603 1734 1648 1586 1593 1586 1461 1443 1387 1315 1190 1188 1275 1153 1025 964 811 643 486 327 317 312 305 295 284 266 249 216 190 146 126 113 100 90 70 54 38 31 29 21 20 21 22 23 20 19 20 20 21 20 22 19 21 22 26 29 33 36 43 53 59 63 62 70 71 90 93 100 114 133 149 165 181 204 215 203 200 205
1719 1722 1722 1732 1744 1765 1804 1824 1834 1814 1696 1597 1554 1548 1569 1628 1768 1694 1629 1651 1625 1499 1484 1420 1358 1264 1269 1310 1053 1059 996 827 674 547 422 299 288 275 284 280 269 248 226 169 126 97 79 75 57 59 53 33 22 20 21 20 21 20 20 21 18 21 21 22 27 20 23 24 32 43 47 53 56 69 84 89 93 91 86 92 100 111 114 131 139 159 172 188 204 225 231 239 232
1728 1730 1740 1742 1741 1767 1809 1819 1819 1789 1697 1611 1566 1568 1581 1633 1776 1714 1702 1697 1628 1511 1536 1481 1426 1329 1240 1024 858 768 711 676 606 544 440 321 241 247 271 269 259 242 227 160 95 77 70 63 56 53 47 23 20 21 19 19 20 21 19 27 27 20 21 19 28 31 37 35 48 56 59 64 79 85 107 109 103 95 100 107 111 117 127 140 155 185 201 214 223 241 262 272 284
1744 1741 1738 1739 1742 1789 1769 1787 1775 1763 1710 1657 1584 1576 1619 1692 1801 1792 1795 1757 1616 1535 1634 1570 1433 1294 1055 886 738 620 558 495 425 371 271 198 202 238 254 255 249 239 216 194 143 66 63 59 54 36 23 20 19 20 21 22 20 20 19 22 20 19 18 31 28 38 40 42 55 67 76 90 87 95 106 103 102 110 112 110 125 133 142 160 177 205 240 251 260 278 298 308 318
1751 1743 1736 1715 1667 1585 1586 1667 1641 1618 1615 1604 1549 1614 1697 1715 1780 1710 1694 1531 1508 1484 1465 1366 1249 1008 863 740 612 525 479 374 294 219 166 166 205 232 237 240 236 228 215 193 161 134 78 61 53 23 19 21 20 19 21 20 21 20 21 20 22 18 31 37 42 39 39 51 59 73 82 86 95 99 107 100 104 108 122 129 136 152 169 179 207 228 252 287 295 312 327 348 352
1763 1748 1722 1621 1509 1443 1450 1500 1502 1470 1474 1448 1453 1554 1702 1780 1686 1591 1567 1357 1286 1226 1121 1173 1065 1001 789 636 519 452 376 290 204 138 129 171 202 219 224 222 222 216 204 185 162 138 108 25 21 20 20 20 19 21 20 20 19 21 24 24 23 25 40 57 53 58 57 56 68 80 86 89 97 105 105 103 104 112 125 139 152 172 188 212 244 282 303 324 348 367 380 406 427
1751 1752 1677 1525 1394 1327 1333 1356 1364 1345 1340 1362 1384 1516 1673 1598 1623 1525 1420 1271 1071 1030 951 951 875 961 727 572 478 368 296 201 138 93 150 166 185 199 204 208 205 202 191 176 155 131 109 63 21 19 34 17 19 19 21 20 20 25 31 35 32 46 60 69 69 75 66 64 84 84 91 96 101 103 108 104 116 120 135 154 175 200 228 276 309 372 406 418 475 501 505 516 517
1737 1756 1670 1480 1357 1290 1277 1281 1271 1254 1251 1293 1352 1554 1524 1401 1326 1294 1200 1067 920 840 789 770 724 747 622 468 369 270 212 131 89 78 122 150 168 183 193 189 189 185 179 166 150 128 107 58 27 23 31 25 22 17 19 22 22 33 39 46 52 61 77 85 92 88 82 85 86 95 92 102 104 103 110 118 130 137 158 181 209 238 289 365 457 536 558 550 606 646 612 597 596
1670 1646 1675 1474 1377 1271 1264 1257 1241 1223 1226 1239 1323 1490 1290 1042 952 1017 926 808 776 691 635 613 577 548 508 369 254 188 121 81 78 77 89 134 152 164 175 174 175 173 166 152 135 121 101 32 30 27 31 40 32 26 29 34 46 52 59 62 64 80 88 90 100 99 96 93 90 100 103 100 105 109 111 123 135 152 182 218 263 305 389 498 572 688 670 654 664 685 667 649 663
1557 1555 1596 1454 1351 1284 1271 1257 1231 1210 1196 1196 1272 1169 939 830 817 906 726 671 628 569 509 469 428 382 337 257 172 91 79 77 78 78 75 115 138 152 156 157 161 156 151 139 122 97 68 52 45 36 43 48 42 43 49 56 67 75 81 82 88 94 99 103 109 106 107 95 105 102 104 104 109 116 120 128 156 183 211 255 310 393 481 636 695 778 733 704 711 720 707 691 708
1530 1512 1456 1418 1370 1289 1268 1239 1223 1196 1158 1135 1174 904 783 685 658 681 577 506 460 411 400 411 333 261 192 136 77 78 78 78 77 79 79 77 110 131 133 142 144 141 130 116 95 60 46 56 59 62 58 57 60 60 68 84 94 93 99 95 102 108 110 115 116 115 114 104 106 108 110 112 123 128 136 161 191 221 279 336 419 536 615 749 857 817 793 763 750 749 735 729 742
1519 1478 1449 1440 1391 1315 1284 1238 1210 1180 1123 1055 980 794 642 578 550 495 430 414 369 318 271 250 230 180 111 78 79 77 82 78 79 76 78 77 75 82 106 97 95 102 90 72 68 68 91 72 71 68 66 82 78 70 83 91 100 108 106 114 116 126 123 126 138 129 113 112 111 117 119 120 130 147 163 195 240 289 380 464 555 653 768 819 871 841 826 812 797 763 750 747 770
1509 1465 1455 1429 1390 1350 1311 1263 1212 1133 1021 937 781 676 540 511 471 410 347 313 274 219 182 150 111 86 78 78 76 90 101 108 127 132 110 110 105 115 119 127 111 110 97 91 93 99 103 84 78 85 92 94 88 84 96 109 119 121 119 127 130 145 131 134 128 126 124 122 123 126 131 144 162 174 187 234 302 399 537 618 635 747 820 875 878 874 860 875 811 757 749 753 765
1457 1457 1429 1413 1383 1365 1318 1293 1166 1007 892 794 706 552 435 464 441 390 300 235 182 138 99 81 78 77 78 76 85 111 125 160 190 254 179 158 146 155 154 152 141 129 124 122 127 117 114 114 122 118 126 133 118 110 107 128 135 132 136 136 137 138 137 136 133 126 126 129 135 149 157 174 184 204 235 284 389 523 666 714 712 773 838 890 901 905 920 884 793 753 741 741 748
1459 1445 1424 1406 1381 1366 1383 1295 1077 860 757 661 576 457 353 303 351 317 221 161 114 82 77 77 80 92 92 104 121 137 174 200 254 328 268 204 168 163 160 154 154 155 149 155 151 150 149 146 149 156 148 152 143 137 133 142 140 144 152 144 150 142 150 142 139 141 144 145 157 164 169 185 195 220 264 362 538 624 721 794 778 808 905 935 941 957 905 824 773 741 730 724 729
1472 1461 1449 1469 1467 1459 1325 1141 919 727 618 532 435 338 297 242 211 165 100 79 78 77 87 106 121 136 140 154 176 209 236 285 341 336 278 235 208 202 190 185 175 171 172 174 167 173 170 171 175 170 169 176 163 152 146 146 157 155 159 154 156 161 156 155 155 161 162 161 169 174 199 217 227 245 296 455 542 595 668 769 797 833 886 949 971 971 885 823 777 722 710 707 712
1535 1506 1553 1616 1554 1404 1189 1027 828 623 492 414 340 241 263 222 162 114 77 81 92 117 142 146 170 184 206 243 295 335 387 416 367 362 317 268 244 226 213 203 197 193 193 184 190 190 186 199 193 195 198 194 175 163 153 164 161 168 172 167 169 173 168 169 163 172 169 174 190 214 247 274 299 321 351 447 533 612 665 744 806 846 861 885 886 875 835 776 736 690 683 681 686
1590 1587 1684 1608 1430 1147 937 785 651 495 393 297 245 226 204 200 180 127 121 148 180 201 244 296 291 344 375 421 444 441 430 421 402 368 335 309 288 271 257 242 239 229 225 217 216 221 227 231 226 222 218 198 181 180 171 175 184 178 179 180 176 176 175 181 175 175 185 191 221 266 338 440 457 428 468 511 578 645 704 764 832 851 855 849 837 804 764 726 703 673 659 643 651
1662 1691 1573 1458 1314 1005 835 651 527 392 309 230 167 194 191 189 160 176 210 228 266 296 410 437 430 481 496 494 459 406 390 391 398 374 368 342 324 310 293 281 276 271 260 250 255 252 252 254 248 238 235 222 208 201 188 187 183 180 181 187 191 191 183 183 179 190 199 239 283 357 470 598 634 557 554 578 631 692 766 810 851 849 850 833 821 790 747 713 691 653 628 608 603
1750 1625 1381 1173 1146 920 739 547 447 339 252 204 138 153 169 154 229 295 292 335 329 382 501 503 508 530 517 511 471 404 380 368 361 349 366 364 350 336 319 308 300 294 294 285 281 274 272 273 275 272 244 228 225 211 205 195 195 196 199 206 195 198 198 190 202 219 250 290 370 465 603 699 691 660 625 628 687 737 822 883 864 848 835 823 809 776 735 697 660 627 601 571 542
1775 1540 1299 1087 962 824 662 491 380 287 204 143 120 116 160 207 266 350 441 434 420 470 537 540 535 505 507 501 473 405 373 357 350 338 341 348 360 351 337 325 326 324 317 310 307 296 295 294 296 287 271 255 233 227 221 214 215 212 215 222 217 206 212 216 235 269 313 391 483 590 710 764 754 729 703 711 737 761 792 832 863 844 821 803 802 771 727 667 629 598 545 510 476
1531 1223 1145 986 824 720 583 414 308 215 165 134 116 147 201 250 315 405 488 480 479 531 544 533 515 504 474 449 440 386 358 346 343 341 329 336 333 349 354 360 366 373 363 348 326 324 325 324 314 295 282 264 257 249 241 229 228 228 237 238 226 221 230 262 295 366 443 533 631 717 798 806 798 791 777 757 757 761 771 788 861 822 805 810 794 743 684 576 500 462 423 397 405
1242 1029 947 824 700 631 498 360 258 179 115 109 134 186 234 292 356 422 491 482 488 536 538 526 507 500 476 444 396 369 356 351 341 331 335 343 343 358 374 376 384 386 369 361 347 344 338 333 323 295 285 276 280 278 264 250 248 253 266 266 260 251 269 331 409 501 591 679 779 832 829 833 828 820 810 780 766 753 747 758 801 819 821 809 758 684 607 528 391 327 297 279 302
1034 848 777 699 633 559 453 309 215 133 103 115 259 240 287 335 404 477 477 475 491 533 540 519 501 494 474 425 380 375 362 361 342 338 338 340 344 356 358 362 365 373 385 375 357 346 335 324 305 292 288 280 281 279 280 278 277 298 307 301 294 309 334 407 486 606 743 845 874 864 856 854 851 845 825 793 763 734 721 713 732 833 728 687 627 583 479 404 336 232 212 182 216
842 749 685 626 544 500 402 294 200 103 101 166 266 280 352 389 460 498 488 507 545 584 548 513 495 489 462 416 388 372 375 365 353 345 347 345 346 355 362 367 370 370 369 367 365 349 334 321 302 293 290 288 284 289 305 319 363 397 402 367 366 385 420 473 536 592 725 897 896 871 871 872 868 869 842 799 753 716 684 671 669 695 614 518 477 416 357 261 184 135 104 87 80
734 698 658 562 513 454 364 328 214 102 116 179 240 318 411 449 488 514 551 607 640 627 599 541 497 483 468 444 416 400 398 385 373 368 357 355 362 368 377 383 386 388 391 385 370 360 345 323 309 323 324 297 296 314 351 390 478 542 515 440 456 465 490 535 559 618 675 808 882 886 896 890 890 905 870 822 715 652 623 547 582 533 451 354 312 242 188 133 62 20 14 4 5
673 660 583 532 469 401 361 340 147 104 139 188 269 396 449 501 510 533 614 660 713 694 655 565 509 496 485 463 452 448 438 406 383 369 364 362 371 381 393 407 410 410 413 406 395 382 363 342 332 370 379 345 332 371 431 524 624 677 604 535 540 541 549 571 587 638 677 758 849 883 899 899 909 903 888 850 671 507 504 426 445 363 281 210 142 84 39 9 2 4 3 4 3
608 583 548 496 438 389 367 288 112 104 145 208 352 439 493 505 519 554 664 720 771 731 665 572 527 519 510 502 488 481 468 447 397 381 378 380 400 410 424 443 449 453 458 466 445 413 386 369 372 411 408 385 398 469 577 658 761 787 686 617 602 594 590 601 622 649 687 753 841 875 888 886 855 775 701 708 673 458 317 337 221 182 102 38 9 4 3 4 5 3 3 3 4
560 548 512 454 392 354 315 182 91 115 170 236 386 484 507 531 570 622 752 777 808 779 676 570 542 540 541 542 528 510 494 454 417 405 407 417 439 454 468 493 499 506 532 559 493 457 421 411 401 439 440 433 500 618 715 791 882 830 752 692 648 629 634 637 646 685 731 775 803 789 775 726 661 622 544 510 417 367 242 136 76 18 4 6 5 4 2 5 6 4 3 4 4
555 513 462 403 337 286 237 106 99 140 203 283 444 504 542 636 629 716 793 830 827 742 637 570 554 554 569 573 558 543 499 465 439 438 444 459 486 502 524 546 547 570 577 563 533 498 472 457 452 477 480 510 618 714 828 929 917 844 804 765 706 679 662 659 675 724 764 719 632 620 486 555 494 475 418 308 253 156 84 23 5 5 5 5 1 6 4 5 7 5 2 6 1
522 469 426 364 287 221 139 100 127 174 237 336 498 545 641 690 694 773 822 854 786 674 603 569 566 567 578 582 568 534 504 484 466 469 481 500 526 559 572 604 633 650 648 621 587 541 530 563 552 522 534 570 664 776 881 957 913 875 845 820 794 756 699 664 666 690 612 555 517 455 427 270 123 283 222 147 77 25 6 7 3 7 6 3 4 3 5 7 3 2 2 4 3
470 408 344 288 220 150 107 118 156 200 267 445 546 619 665 738 751 811 812 776 708 615 579 573 570 575 582 569 548 526 512 501 486 486 519 586 623 629 650 691 738 765 789 760 675 620 655 685 614 582 583 599 687 750 825 901 915 897 887 866 867 818 745 663 601 540 447 403 336 227 323 215 176 88 29 7 5 6 3 4 4 0 2 4 4 3 6 3 4 0 4 4 3
403 350 259 212 149 112 112 147 176 231 348 505 559 620 688 783 800 809 756 715 650 592 581 579 581 600 598 573 551 545 532 512 504 535 600 671 682 716 762 801 844 893 915 843 766 767 783 737 664 644 634 644 726 776 826 874 916 931 924 904 840 754 620 552 462 394 320 231 162 109 61 17 7 8 5 7 5 9 5 4 6 6 6 5 3 3 5 4 4 4 4 4 4
339 263 180 150 110 107 133 161 206 312 398 532 584 647 727 765 769 755 724 671 625 598 589 584 585 598 611 597 586 564 542 535 556 608 664 699 729 804 848 902 969 1024 1030 920 895 889 852 754 716 699 677 700 762 821 841 890 921 947 917 812 687 588 514 394 340 231 162 88 26 3 5 8 9 6 8 6 7 9 6 6 5 5 5 5 4 2 2 7 3 5 4 4 3
225 172 150 100 105 121 155 220 316 388 469 541 607 669 690 687 709 710 694 651 622 608 600 589 589 598 619 631 633 591 567 572 623 684 732 760 813 880 956 1017 1098 1155 1128 1021 1002 965 844 759 758 748 760 781 822 854 876 894 946 910 834 735 598 451 377 258 173 79 14 6 5 8 7 6 8 9 6 5 4 5 4 4 6 6 6 5 9 6 7 3 3 3 4 5 4
175 140 92 97 116 144 221 323 379 443 500 553 623 683 721 712 696 694 682 652 635 615 602 599 595 606 627 662 679 633 596 666 694 731 792 832 899 970 1067 1129 1218 1217 1130 1117 1050 916 823 800 761 774 817 827 861 905 899 919 907 759 688 576 499 379 225 119 30 8 4 6 9 9 4 5 2 5 6 7 7 5 7 7 5 4 5 7 10 7 7 6 6 5 3 4 4
141 90 85 103 130 191 273 359 414 473 509 603 640 694 712 715 706 689 677 653 636 619 603 606 611 626 645 680 706 685 665 690 733 772 829 898 961 1047 1178 1244 1322 1201 1135 1075 958 872 848 823 759 835 866 868 906 954 922 905 821 681 534 464 332 242 105 16 5 4 5 8 4 7 9 8 8 6 9 7 6 9 6 8 3 8 3 6 6 7 6 8 5 5 3 4 3
