input/tv_dem250.txt
ncols         200
nrows         140
xllcorner     -9999.9999984932
yllcorner     19999.999993291
cellsize      250
NODATA_value  -9999
[rows 82 to 122 of 140, columns 0 to 92 of 200]
1126 1148 1182 1183 1218 1226 1222 1210 1201 1215 1204 1204 1200 1205 1202 1179 1216 1259 1267 1298 1391 1392 1345 1316 1292 1298 1297 1299 1350 1399 1415 1447 1486 1486 1490 1496 1491 1504 1487 1477 1494 1489 1533 1533 1500 1456 1352 1293 1281 1275 1293 1379 1409 1387 1298 1244 1246 1245 1236 1221 1208 1188 1206 1323 1459 1408 1366 1264 1202 1144 1127 1112 1091 1068 1047 1020 969 948 908 863 809 704 641 545 496 423 330 255 212 176 158 134 121
994 1006 1068 1068 1100 1144 1188 1159 1177 1204 1185 1167 1173 1173 1162 1136 1176 1201 1249 1272 1293 1303 1298 1291 1254 1259 1253 1243 1270 1308 1391 1443 1449 1406 1457 1460 1455 1463 1411 1440 1413 1471 1471 1465 1457 1438 1340 1289 1275 1273 1283 1299 1370 1346 1375 1233 1229 1222 1208 1195 1181 1162 1134 1194 1262 1233 1188 1126 1102 1079 1082 1081 1060 1017 992 951 924 882 868 856 801 672 525 439 366 301 234 189 158 137 123 108 82
926 942 949 939 947 963 988 1046 1079 1147 1117 1124 1148 1125 1104 1082 1119 1160 1200 1228 1240 1264 1245 1247 1228 1227 1223 1211 1216 1284 1309 1422 1360 1336 1383 1414 1419 1369 1350 1362 1377 1422 1424 1427 1424 1397 1320 1277 1286 1285 1279 1261 1277 1323 1408 1289 1202 1195 1177 1170 1162 1139 1110 1083 1149 1099 1076 1029 1022 1026 1043 1029 1019 960 906 902 896 869 855 830 781 621 470 352 292 225 170 149 128 107 87 70 82
774 803 858 867 846 846 885 930 937 970 1018 1046 1071 1073 1049 1006 1061 1114 1149 1173 1207 1226 1208 1227 1204 1205 1205 1183 1169 1253 1286 1309 1293 1286 1297 1327 1349 1316 1309 1339 1361 1376 1374 1382 1388 1365 1295 1267 1279 1296 1299 1246 1195 1206 1244 1275 1211 1165 1152 1129 1116 1091 1073 1044 1087 1045 1002 984 982 984 975 966 956 902 850 832 844 841 826 809 762 606 407 300 223 171 130 113 96 68 68 80 107
579 593 631 671 699 757 848 882 898 908 923 952 1000 1012 1009 966 980 1015 1052 1088 1147 1162 1160 1191 1197 1164 1165 1147 1119 1178 1218 1249 1252 1239 1244 1259 1271 1271 1270 1299 1320 1319 1337 1334 1327 1316 1261 1238 1245 1257 1223 1178 1137 1132 1153 1189 1208 1171 1115 1080 1033 1003 982 950 998 1000 952 943 942 930 909 891 855 757 761 765 797 802 777 667 548 472 317 221 156 121 102 89 66 64 86 113 149
515 531 553 572 586 667 757 819 824 857 884 951 989 990 975 946 919 925 936 945 1016 1001 1061 1117 1140 1111 1110 1100 1063 1106 1138 1157 1187 1206 1212 1220 1224 1213 1244 1247 1257 1255 1283 1279 1258 1228 1203 1197 1194 1172 1147 1114 1101 1088 1099 1128 1150 1162 1112 1033 978 917 882 863 891 910 893 889 896 877 803 735 698 706 701 676 686 721 721 542 431 338 234 155 101 84 69 65 68 79 109 166 286
487 495 525 553 540 569 644 692 778 826 877 926 966 963 950 920 860 865 872 878 879 890 913 948 975 977 1045 1025 1001 1032 1037 1058 1081 1138 1149 1134 1128 1140 1188 1188 1183 1213 1219 1235 1209 1206 1189 1178 1147 1107 1086 1078 1066 1062 1069 1072 1092 1110 1050 1011 845 814 776 735 750 796 840 868 893 815 664 620 593 608 590 566 589 656 670 451 363 262 166 95 70 68 65 66 79 112 178 271 358
456 454 484 530 521 534 574 631 704 802 865 896 923 932 924 904 830 847 830 834 834 845 853 873 895 920 966 974 943 954 969 995 993 1020 1055 1073 1073 1088 1096 1099 1107 1124 1110 1112 1137 1120 1094 1088 1087 1078 1067 1056 1050 1049 1035 1015 1011 997 974 845 690 672 635 613 600 603 699 742 804 579 550 476 419 385 404 435 458 467 400 321 247 184 91 68 66 66 65 70 127 185 269 363 388
479 459 442 464 468 474 528 567 629 729 829 880 883 892 881 848 824 823 807 795 794 808 812 844 863 907 943 945 919 915 911 910 928 937 996 1006 1010 993 1033 1043 1027 1054 1056 1054 1058 1072 1068 1067 1075 1077 1075 1066 1065 1004 916 867 854 894 737 627 563 568 530 497 453 427 416 415 393 366 319 293 277 272 275 287 324 367 282 212 147 89 68 69 67 64 72 117 181 254 343 387 397
465 459 423 421 425 439 460 530 607 703 755 824 843 847 822 798 806 759 706 705 708 731 753 793 842 881 894 891 885 864 861 862 882 897 932 936 930 938 946 959 964 990 994 1005 1014 1027 1027 1026 1031 1045 1048 1026 1015 895 841 763 682 602 543 502 468 485 461 409 373 325 298 280 262 233 206 177 167 171 190 205 223 215 161 111 71 66 66 65 67 73 120 167 232 304 372 396 402
404 410 377 338 348 386 413 478 558 652 685 760 786 790 749 756 738 670 660 667 695 709 717 729 797 806 807 824 809 788 819 819 834 853 877 886 903 913 918 935 932 941 948 955 981 958 976 978 992 1010 993 962 911 832 731 643 567 507 459 429 421 413 406 353 291 239 216 182 155 129 98 80 73 91 108 129 142 119 73 66 68 68 66 67 77 113 163 217 301 362 395 398 412
369 377 338 327 324 324 333 373 444 513 563 606 654 659 652 711 715 650 632 641 659 681 690 693 725 773 758 776 745 732 779 778 789 801 831 842 869 876 888 878 891 887 883 887 887 895 919 908 934 969 962 927 873 807 648 552 478 413 372 347 348 336 285 276 194 175 136 95 70 68 67 65 92 64 68 67 66 68 65 67 66 65 66 79 132 164 212 285 354 388 403 410 414
354 352 322 321 325 324 323 327 376 432 483 522 523 542 554 566 591 597 590 605 617 662 681 696 721 740 720 719 694 700 719 712 730 737 749 796 824 836 833 826 845 835 831 837 836 841 850 835 818 868 885 883 812 722 610 516 393 326 299 276 253 223 197 165 141 114 68 67 67 66 67 115 146 62 67 67 67 66 67 66 67 69 91 127 167 218 294 376 421 401 412 420 430
366 361 330 324 323 322 356 378 396 375 388 458 492 506 516 526 529 538 543 558 590 582 617 646 682 690 654 649 671 674 664 661 652 665 703 720 740 741 748 775 806 774 769 798 782 734 742 717 681 722 796 825 730 589 450 384 294 247 218 196 160 136 123 106 89 73 67 66 67 66 94 146 169 59 65 67 68 66 66 68 92 115 137 175 218 272 352 416 432 407 414 428 448
377 379 375 321 321 325 382 416 438 442 452 373 422 450 470 482 484 500 494 518 520 535 558 581 591 587 603 601 634 639 621 615 613 616 629 620 644 648 695 700 742 691 718 722 693 625 647 605 593 638 640 659 639 416 306 235 228 223 209 198 185 177 166 152 127 104 64 66 67 89 121 178 209 85 65 67 67 72 106 120 136 158 179 203 272 329 382 404 419 408 408 432 463
425 395 398 383 329 356 400 431 455 464 469 482 485 496 492 468 444 475 471 479 485 499 510 517 503 493 510 534 552 574 562 514 506 495 509 526 544 571 587 605 582 585 618 578 522 509 509 470 486 487 450 426 437 279 266 265 257 247 230 217 206 190 171 160 144 125 85 67 89 111 130 171 227 178 119 101 109 126 157 179 193 200 226 266 323 343 379 393 408 411 418 441 501
513 481 435 419 393 411 458 465 510 475 486 497 503 502 521 520 506 452 444 456 460 470 470 452 480 492 475 440 448 447 437 422 422 412 429 451 474 490 478 455 416 434 451 391 355 350 349 341 366 362 335 298 283 283 281 277 275 262 242 227 217 199 179 162 136 109 96 106 125 145 161 190 218 200 174 165 175 199 219 231 243 251 272 303 351 373 385 394 401 418 441 479 546
570 536 500 460 440 452 478 486 519 517 514 515 517 517 515 519 511 509 512 505 500 497 492 502 502 507 503 502 494 491 490 480 473 474 460 415 413 405 427 435 434 433 409 406 399 391 386 376 362 345 337 316 299 294 290 281 272 263 250 231 214 198 180 155 130 140 143 145 162 191 200 215 221 208 221 256 247 266 271 286 302 311 353 361 385 415 407 400 415 429 496 535 622
722 652 558 520 458 487 510 502 519 525 526 512 532 526 531 539 534 531 524 512 510 503 512 514 516 509 509 506 501 496 494 487 484 482 474 458 453 451 445 439 435 434 420 415 409 400 392 380 364 354 343 327 311 300 295 291 278 264 247 229 210 201 178 179 246 234 236 221 235 253 250 263 268 271 356 354 305 298 317 331 351 369 412 436 425 419 425 467 434 482 555 603 696
889 797 628 551 492 500 506 535 534 523 524 527 533 549 541 538 536 536 537 530 527 521 520 505 516 513 512 508 500 498 499 494 487 485 471 461 453 452 444 444 440 432 424 419 411 405 397 383 364 355 345 335 320 311 301 291 273 267 254 241 221 189 209 296 320 316 302 281 273 267 265 301 320 336 368 341 322 325 334 349 374 413 448 472 483 459 450 503 502 527 634 690 799
953 926 760 579 516 499 512 555 545 532 516 527 535 553 538 548 528 546 538 531 527 523 522 511 519 516 512 508 506 502 498 491 486 480 467 463 461 456 446 445 435 431 427 418 412 407 399 384 362 351 345 338 328 319 303 295 283 268 254 234 205 241 312 363 384 361 344 333 313 303 313 339 364 391 383 358 347 347 352 366 393 450 483 492 508 514 515 522 572 628 746 824 906
1002 954 821 628 532 503 512 549 548 541 531 531 540 544 537 553 540 529 531 537 530 525 523 523 522 516 513 510 508 504 495 490 483 475 467 462 460 450 449 443 434 425 421 413 411 401 391 378 367 357 346 340 326 319 307 293 281 269 247 227 309 385 438 436 407 431 420 369 357 389 407 400 409 426 431 403 405 417 421 419 431 468 513 516 530 540 555 574 670 790 859 959 1053
1115 1058 908 749 572 498 522 528 544 555 544 543 548 554 565 562 548 543 540 533 529 530 527 524 521 516 513 513 510 506 498 487 480 473 467 462 462 461 448 441 435 423 417 409 402 398 391 380 370 367 346 343 331 320 308 297 287 244 261 336 406 450 486 475 433 468 456 422 482 511 508 494 459 440 469 484 514 520 527 523 514 525 552 562 564 575 607 685 758 892 990 1099 1226
1245 1151 1068 865 605 505 523 539 534 539 546 548 561 565 579 558 546 542 542 532 532 528 523 526 521 521 517 511 507 505 497 490 482 478 474 468 465 461 455 449 444 435 428 411 407 409 394 384 374 361 342 341 324 319 303 271 266 304 375 442 467 489 515 529 489 524 522 521 602 599 578 550 527 491 517 556 561 562 570 597 588 582 591 585 624 672 670 781 870 976 1133 1259 1326
1356 1277 1172 960 746 575 530 534 538 543 548 556 542 573 555 567 545 540 540 536 534 530 529 525 521 519 515 514 509 504 497 491 487 483 480 473 469 464 463 453 453 463 431 405 400 394 390 386 376 366 355 334 312 302 346 353 376 396 456 518 530 531 544 562 574 627 642 644 842 834 740 686 630 611 647 674 669 680 706 728 768 715 713 700 758 839 845 895 1009 1125 1266 1349 1377
1372 1359 1327 1044 806 610 527 538 545 546 554 576 528 543 555 550 545 545 548 547 531 531 524 526 524 517 515 510 507 502 496 492 487 484 482 480 475 463 461 460 459 442 440 421 406 389 382 379 366 353 320 353 402 490 495 456 461 478 529 575 585 609 671 733 770 811 818 936 1046 1092 979 894 915 863 869 888 870 866 895 911 940 884 874 859 889 996 1045 1105 1237 1309 1375 1399 1419
1355 1355 1352 1049 797 611 534 545 551 554 558 556 547 539 555 554 558 564 542 542 535 533 529 523 523 519 513 511 505 501 499 492 494 490 486 480 477 469 467 462 462 455 441 423 396 357 361 382 375 389 434 478 559 593 542 514 511 542 582 621 669 767 848 905 958 1025 1034 1086 1159 1236 1232 1142 1132 1121 1151 1140 1102 1060 1102 1124 1105 1068 1047 1036 1079 1161 1201 1241 1357 1376 1395 1461 1492
1338 1336 1318 1074 813 600 555 561 560 568 576 554 557 551 565 568 581 552 543 544 537 531 531 526 520 516 510 509 505 505 502 498 493 490 484 479 475 472 470 466 463 460 436 400 381 395 420 474 494 494 518 589 617 631 617 594 600 613 640 679 783 899 972 1011 1073 1176 1161 1199 1268 1362 1450 1460 1383 1342 1375 1332 1281 1247 1304 1340 1364 1289 1246 1256 1289 1266 1269 1299 1394 1413 1433 1484 1566
1301 1295 1271 995 763 579 579 581 583 576 583 570 567 564 574 571 549 546 553 544 544 536 527 523 519 516 512 510 509 505 506 504 495 491 487 477 477 477 471 462 457 441 408 417 436 461 528 580 569 563 588 669 685 693 670 671 723 775 793 831 880 1009 1069 1124 1190 1234 1247 1292 1335 1408 1560 1610 1500 1438 1451 1478 1545 1470 1479 1565 1467 1407 1387 1395 1362 1329 1313 1340 1404 1444 1477 1521 1620
1290 1300 1067 854 707 583 586 595 584 609 581 572 579 579 569 564 561 556 545 545 539 533 530 523 518 517 515 511 507 508 505 502 494 490 487 483 475 472 473 461 423 447 472 474 504 528 579 605 620 666 707 745 750 746 748 799 862 897 940 957 1025 1077 1174 1246 1303 1309 1331 1365 1389 1441 1563 1711 1581 1493 1492 1508 1581 1660 1628 1605 1493 1465 1449 1441 1395 1372 1360 1374 1422 1466 1508 1555 1646
1275 1179 950 772 609 608 605 608 594 596 592 580 583 576 576 567 560 555 550 543 538 533 528 523 519 516 514 512 507 506 504 499 494 493 489 485 470 463 453 428 480 515 530 546 548 580 613 648 674 719 762 806 853 811 835 865 922 967 1009 1054 1126 1212 1296 1388 1427 1383 1405 1420 1441 1467 1556 1728 1591 1529 1517 1536 1607 1711 1729 1609 1516 1491 1483 1473 1422 1409 1401 1412 1439 1477 1524 1612 1687
1163 984 813 654 622 621 609 614 624 615 590 588 596 581 584 573 566 542 549 540 529 532 528 521 516 515 512 511 513 504 500 500 498 495 490 468 433 441 464 495 540 568 586 622 635 660 658 696 750 790 827 867 896 881 888 932 988 1048 1100 1165 1267 1362 1431 1505 1520 1443 1440 1450 1469 1481 1538 1689 1591 1551 1545 1560 1620 1709 1747 1624 1525 1511 1503 1495 1457 1435 1439 1435 1450 1481 1598 1686 1746
857 795 693 622 635 629 627 640 620 607 586 588 604 583 577 557 561 546 552 542 530 522 524 521 516 513 511 507 509 504 497 493 498 493 467 516 527 538 543 561 602 638 650 671 694 705 728 768 798 848 893 929 953 972 977 1035 1120 1191 1250 1304 1371 1447 1585 1673 1597 1502 1482 1489 1497 1503 1543 1681 1613 1575 1561 1587 1631 1741 1770 1614 1547 1542 1528 1512 1486 1471 1453 1465 1466 1492 1562 1713 1864
671 654 663 651 635 638 622 634 625 633 600 586 583 581 576 573 569 561 547 502 502 518 515 523 513 512 508 507 503 503 496 494 488 473 541 568 603 615 633 655 684 711 715 712 742 766 788 847 853 893 938 1025 1070 1091 1100 1158 1258 1351 1432 1494 1486 1497 1636 1783 1644 1533 1516 1511 1514 1527 1544 1659 1665 1611 1588 1609 1672 1820 1748 1628 1565 1561 1553 1530 1510 1486 1479 1477 1486 1502 1561 1729 1881
684 676 667 654 648 645 634 624 620 611 595 595 586 605 583 577 574 553 589 526 491 508 512 522 518 513 496 494 493 489 485 505 522 559 617 668 695 706 731 763 767 771 756 787 815 840 880 924 956 1001 1045 1108 1176 1200 1264 1288 1369 1480 1591 1715 1620 1583 1668 1807 1668 1549 1541 1532 1532 1542 1562 1629 1743 1652 1614 1640 1728 1861 1727 1640 1586 1584 1570 1573 1520 1501 1502 1499 1494 1505 1580 1713 1833
688 678 675 663 654 654 637 625 630 613 606 593 604 602 592 593 566 623 627 594 555 547 565 558 575 579 609 607 602 624 614 614 639 688 746 787 776 773 807 825 847 846 851 891 920 925 985 1058 1128 1153 1206 1256 1308 1344 1420 1418 1463 1523 1586 1675 1767 1725 1780 1791 1655 1577 1564 1546 1541 1564 1579 1618 1751 1677 1637 1697 1815 1854 1693 1621 1602 1594 1593 1616 1537 1517 1522 1522 1521 1549 1658 1811 1866
681 681 668 665 672 658 640 631 617 615 627 620 621 615 621 593 620 641 695 708 680 674 716 721 735 748 773 789 820 820 763 758 784 849 879 880 902 908 903 926 969 967 963 1010 1047 1054 1123 1219 1297 1315 1339 1387 1422 1432 1529 1570 1510 1557 1595 1630 1768 1863 1859 1720 1620 1585 1584 1550 1568 1586 1593 1631 1705 1731 1716 1797 1925 1794 1672 1652 1620 1613 1617 1647 1552 1543 1550 1547 1580 1644 1736 1834 1709
693 692 672 679 674 656 643 648 646 643 651 640 627 635 612 579 676 699 744 754 746 770 800 819 835 862 904 936 966 956 917 918 950 999 1009 1003 1034 1053 1054 1069 1098 1112 1108 1136 1180 1264 1318 1361 1456 1404 1400 1423 1539 1489 1534 1679 1601 1584 1606 1636 1711 1886 1798 1684 1618 1603 1584 1591 1615 1612 1614 1636 1700 1752 1792 1897 1940 1751 1675 1647 1640 1626 1645 1663 1589 1577 1574 1573 1635 1787 1842 1815 1640
695 664 664 670 676 662 655 659 653 667 651 644 644 620 609 650 730 759 792 802 819 876 927 944 967 1013 1051 1092 1138 1091 1065 1082 1109 1157 1174 1195 1189 1206 1221 1247 1249 1274 1265 1265 1294 1384 1461 1522 1588 1492 1450 1463 1554 1546 1578 1647 1697 1627 1641 1668 1728 1873 1797 1705 1641 1619 1623 1646 1654 1621 1628 1640 1682 1701 1739 1879 1928 1757 1675 1654 1638 1630 1707 1669 1605 1585 1583 1593 1706 1715 1677 1751 1628
707 682 654 659 667 651 664 670 673 665 657 654 630 632 598 762 824 867 909 939 952 1012 1098 1096 1106 1164 1208 1241 1313 1252 1213 1226 1280 1320 1323 1387 1353 1366 1395 1429 1396 1412 1364 1362 1384 1418 1543 1713 1673 1551 1498 1506 1565 1623 1643 1667 1761 1746 1701 1699 1720 1830 1866 1783 1730 1691 1706 1708 1679 1648 1650 1648 1662 1684 1745 1844 1956 1813 1676 1641 1639 1670 1794 1715 1639 1631 1618 1632 1546 1547 1618 1632 1671
697 691 683 690 683 690 689 679 673 687 659 652 653 625 725 842 910 992 1055 1112 1106 1141 1224 1247 1257 1314 1382 1464 1466 1361 1342 1349 1381 1468 1533 1562 1513 1516 1570 1550 1523 1494 1448 1438 1452 1487 1550 1698 1754 1604 1523 1539 1586 1675 1702 1732 1815 1849 1773 1711 1723 1719 1684 1850 1837 1803 1780 1761 1700 1711 1636 1605 1621 1651 1728 1758 1740 1870 1740 1661 1684 1777 1911 1850 1765 1725 1686 1533 1442 1430 1496 1586 1692
